236
1348	16
12022	12
9730	18
12023	8
11988	11
11989	15
9779	3
9778	20
9775	17
9774	23
9777	10
9776	22
11986	18
9770	13
11985	14
9748	16
6919	7
1371	20
12066	15
12021	8
1376	7
1378	6
12067	11
6914	23
6915	20
6916	28
6917	22
6910	12
6911	13
6912	16
6913	4
12060	21
12061	19
12062	20
12063	20
6918	9
9705	15
9706	17
9707	13
12142	7
12141	10
12140	9
12012	8
6907	19
6906	17
9719	24
9718	11
9713	20
9712	14
9711	13
9710	15
9717	17
9716	13
6909	22
6908	32
12015	13
12014	10
12011	9
12010	12
12013	20
11987	15
9780	8
9781	16
9782	8
9783	14
12158	13
12159	10
9772	25
9726	17
9724	17
9725	15
9722	20
9723	18
9720	10
9721	21
9728	16
9729	18
11999	15
12008	22
11998	14
12006	15
12004	17
12005	14
12002	14
12003	14
12000	22
12001	15
12129	9
9792	9
9749	9
9794	9
12120	8
12127	10
12089	19
9731	16
1349	18
9733	16
9732	16
9735	17
9734	17
9737	12
9736	16
9739	14
9738	15
6920	21
12039	10
12038	4
12030	8
12037	6
12036	7
12138	11
12139	12
12132	8
12133	9
12130	8
12131	7
12136	11
12137	13
12134	9
12135	5
1359	4
1350	18
1357	3
1356	16
1355	13
1354	25
9744	11
9745	12
12026	6
9747	14
9740	10
9741	14
9742	15
9743	16
12028	9
12029	17
12107	7
12106	6
12105	7
12101	5
12100	11
12009	11
12108	7
2690	3
9757	24
9756	10
9755	8
9754	12
9753	10
9751	9
9759	8
9758	7
9793	9
12128	10
9715	16
9708	14
9714	13
12160	9
9762	7
9763	8
9760	8
9761	6
9766	12
9767	10
9764	6
9765	10
11991	12
11993	13
9769	20
11996	17
12024	8
12025	7
12068	14
1364	20
1365	18
1362	10
3982	18
12027	7
3983	15
1368	7
1369	16
价格	176	0.7458
品牌	173	0.7331
尺码	149	0.6314
上市时间	108	0.4576
颜色	100	0.4237
类型	92	0.3898
风格	87	0.3686
流行元素	86	0.3644
材质	62	0.2627
适用人群	59	0.2500
领型	55	0.2331
版型	52	0.2203
厚度	51	0.2161
款式	43	0.1822
图案	42	0.1780
适用场景	42	0.1780
人群	39	0.1653
功能	39	0.1653
鞋底材质	38	0.1610
闭合方式	36	0.1525
衣长	33	0.1398
分类	30	0.1271
袖长	27	0.1144
袖型	27	0.1144
衣门襟	26	0.1102
主要材质	25	0.1059
制作工艺	24	0.1017
适用季节	23	0.0975
跟高	19	0.0805
适用对象	18	0.0763
腰型	17	0.0720
帮面材质	16	0.0678
内里材质	16	0.0678
季节	16	0.0678
皮质特征	15	0.0636
鞋跟形状	15	0.0636
里料材质	15	0.0636
鞋头	14	0.0593
场合	14	0.0593
裤长	14	0.0593
面料	13	0.0551
颜色分类	13	0.0551
鞋头款式	12	0.0508
鞋面材料	12	0.0508
花型	11	0.0466
裤型	11	0.0466
上市年份季节	10	0.0424
低帮鞋款式	9	0.0381
鞋跟	9	0.0381
开口深度	9	0.0381
种类	8	0.0339
款型	8	0.0339
筒高	8	0.0339
工艺	7	0.0297
裙长	7	0.0297
鞋帮高度	6	0.0254
款式细节	6	0.0254
组合形式	6	0.0254
鞋面材质	6	0.0254
主材质	6	0.0254
适合场合	5	0.0212
功能科技	5	0.0212
填充物	5	0.0212
鞋帮款式	5	0.0212
穿着方式	5	0.0212
是否可外穿	5	0.0212
组合规格	5	0.0212
厚薄	5	0.0212
适合季节	5	0.0212
下装	5	0.0212
袜子功能用途	5	0.0212
靴子款式	4	0.0169
裙型	4	0.0169
选购热点	4	0.0169
花色	4	0.0169
皮革风格	4	0.0169
模杯厚度	4	0.0169
销售渠道类型	4	0.0169
适合路面	4	0.0169
外套	4	0.0169
含绒量	4	0.0169
罩杯型	4	0.0169
规格	4	0.0169
侧帮	4	0.0169
质地	4	0.0169
上衣	4	0.0169
鞋款品名	3	0.0127
鞋帮	3	0.0127
适用类型	3	0.0127
鞋面主材质	3	0.0127
胸围尺码	3	0.0127
压力级别	3	0.0127
类别	3	0.0127
大码女装分类	3	0.0127
长度	3	0.0127
元素	3	0.0127
包装类型	3	0.0127
面料材质	3	0.0127
面料科技	3	0.0127
面料主材质	3	0.0127
跟型	3	0.0127
插片	2	0.0085
袜子分类	2	0.0085
帽顶	2	0.0085
面料分类	2	0.0085
有无钢圈	2	0.0085
主材料	2	0.0085
成分含量	2	0.0085
裤袜是否加裆	2	0.0085
是否加绒	2	0.0085
布种	2	0.0085
肩带	2	0.0085
帽檐	2	0.0085
搭扣	2	0.0085
热门购	2	0.0085
上衣款式	2	0.0085
罩杯里料	2	0.0085
用途	2	0.0085
皮材质	2	0.0085
下衣款式	2	0.0085
外底主材质	2	0.0085
形状	2	0.0085
带扣	2	0.0085
开叉	2	0.0085
上市年份	2	0.0085
文胸款式	2	0.0085
材料特性	2	0.0085
面料图案	2	0.0085
适合胸型	2	0.0085
链周长	1	0.0042
鼻桥	1	0.0042
内裤腰型	1	0.0042
胸垫	1	0.0042
功能性	1	0.0042
尺寸	1	0.0042
篮球材质	1	0.0042
内裤尺码	1	0.0042
内部结构	1	0.0042
礼服类型	1	0.0042
襟形	1	0.0042
压力	1	0.0042
性别	1	0.0042
国产/进口	1	0.0042
是否带钢托带胸垫	1	0.0042
镜片	1	0.0042
篮球分类	1	0.0042
鞋跟高度	1	0.0042
大剑宽	1	0.0042
开袋方式	1	0.0042
场景	1	0.0042
主要功能	1	0.0042
裤子款式	1	0.0042
上装款式	1	0.0042
鞋面风格	1	0.0042
元素风格	1	0.0042
折数	1	0.0042
品类	1	0.0042
礼服摆型	1	0.0042
薄厚	1	0.0042
帮高	1	0.0042
女鞋头款	1	0.0042
适合选手	1	0.0042
含毛量	1	0.0042
适用运动	1	0.0042
裙摆	1	0.0042
服饰工艺	1	0.0042
婚纱款式细节	1	0.0042
场地/鞋钉	1	0.0042
裤门襟	1	0.0042
钱夹折数	1	0.0042
面料质地	1	0.0042
腰带款式	1	0.0042
鞋底主材质	1	0.0042
里料图案	1	0.0042
开衩	1	0.0042
运动系列	1	0.0042
婚纱摆型	1	0.0042
服装版型	1	0.0042
运动鞋功能	1	0.0042
毛线粗细	1	0.0042
后帮	1	0.0042
适用性别	1	0.0042
线型	1	0.0042
绒类型	1	0.0042
主要材质成分	1	0.0042
中老年女装分类	1	0.0042
剪裁	1	0.0042
婚纱款式	1	0.0042
价位	1	0.0042
运动项目	1	0.0042
